Max=19.69051040476097
Min=0.5521775076911409
